A
0.021308,0.074618,0.0094333,0.032189,0.023727,0.081134,0.014692,0.03011,0.060999,0.06328,0.046981,0.038427,0.070731,0.059629,0.047314,0.043315,0.053957,0.02543,0.054041,0.033267,0.054187,0.056857,0.040146,0.013386,0.06609
0.036821,0.057248,0.048248,0.087734,0.0152,0.069455,0.060651,0.06382,0.027542,0.046877,0.015495,0.093605,0.017503,0.020521,0.030853,0.051787,0.010981,0.031126,0.061909,0.00083732,0.077714,0.04332,0.049731,0.067252,0.070866
0.013477,0.015346,0.028311,3.5594e-05,0.060324,0.00088617,0.019544,0.073642,0.052657,0.036841,0.051265,0.0007961,0.0080234,0.061836,0.044257,0.053176,0.061694,0.077333,0.05773,0.025124,0.03255,0.056568,0.067505,0.021374,0.014624
0.069258,0.0027882,0.024446,0.047048,0.058285,0.011953,0.017449,0.068994,0.047731,0.02349,0.054512,0.038785,0.01956,0.05174,0.030909,0.015777,0.046763,0.035708,0.049754,0.012576,0.0094709,0.017894,0.046621,0.064931,0.0038532
0.069732,0.014475,0.060867,0.014357,0.015333,0.04075,0.018207,0.064916,0.072685,0.061567,0.035882,0.047481,0.052806,0.045379,0.027701,0.065937,0.0086884,0.0074348,0.0031463,0.080549,0.043912,0.059171,0.07766,0.061662,0.04197
0.043868,0.044325,0.023079,0.030665,0.035225,0.049005,0.082273,0.052741,0.015131,0.0077212,0.012307,0.060171,0.062517,0.029076,0.013976,0.016167,0.055211,0.080096,0.016045,0.036482,0.0028908,0.013789,0.010035,0.014456,0.00072836
5.9974e-05,0.048219,0.046468,0.016684,0.003701,0.024729,0.032166,0.013261,0.045075,0.0087381,0.032924,0.006815,0.088737,0.0049245,0.016776,0.033826,0.060298,0.040287,0.027189,0.044178,0.067146,0.063676,0.022791,0.074797,0.063391
0.066975,0.027996,0.035339,0.05772,0.053207,0.037041,0.053516,0.018336,0.0063074,0.060135,0.046527,0.01389,0.0038024,0.075037,0.049754,0.019384,0.036514,0.015923,0.052855,0.021256,0.011094,0.027365,0.037047,0.019394,0.069526
0.050649,0.048854,0.022382,0.064019,0.0634,0.033614,0.0039225,0.033522,0.041024,0.029016,0.025161,0.063684,0.015462,0.049673,0.0087214,0.022387,0.025811,0.00039756,0.017875,0.071511,0.019848,0.015161,0.010067,0.059509,0.053973
0.0054774,0.068405,0.063676,0.033972,0.070045,0.011589,0.019549,0.0019345,0.063761,0.047513,0.064845,0.021252,0.041394,0.017221,0.093358,0.00071293,0.02858,0.060378,0.0063236,0.0083509,0.052708,0.054047,0.017722,0.061973,0.018621
0.073901,0.019457,0.043643,0.0052271,0.06375,0.080415,0.073695,0.020736,0.0030668,0.024455,0.0095766,0.011597,0.030769,0.0069322,0.014956,0.076345,0.045412,0.034209,0.080625,0.066732,0.062371,0.023805,0.014067,0.038062,0.045091
0.023323,0.021977,0.0053935,0.0045919,0.035188,0.030388,0.038762,0.075657,0.024819,0.0584,0.019607,0.0041991,0.0084968,0.018108,0.016165,0.042785,0.01683,0.034802,0.017,0.034613,0.037143,0.033122,0.052206,0.069994,0.071849
0.060019,0.0096256,0.020372,0.0054378,0.028234,0.070642,0.00025807,0.024136,0.053452,0.029498,0.073188,0.016116,0.076559,0.067821,0.072295,0.038171,0.0018464,0.040839,0.080844,0.074574,0.060293,0.049378,0.025309,0.0077188,0.068528
0.034225,0.040567,0.013071,0.0069618,0.0044961,0.0034888,0.039166,0.044132,0.064828,0.058791,0.051144,0.049753,0.03775,0.016332,0.067981,0.043057,0.061351,0.047759,0.050185,0.042784,0.084147,0.054937,0.061417,0.010382,0.046391
0.043548,0.062992,0.042861,0.001526,0.066517,0.035772,0.069418,0.047213,0.037745,0.081446,0.058771,0.084422,0.061914,0.036033,0.036113,0.027701,0.064471,0.027771,0.020389,0.070562,0.069787,0.026052,0.042418,0.065606,0.060637
0.035423,0.023007,0.015459,0.094789,0.0086077,0.006384,0.073446,0.069588,0.074959,0.0068491,0.063294,0.07459,0.053555,0.068322,0.0091116,0.027336,0.050447,0.044261,0.042587,0.028588,0.039059,0.0063821,0.017911,0.0014253,0.063988
0.040975,0.060453,0.037664,0.071533,0.00049306,0.026487,0.025362,0.03057,0.0323,0.038313,0.0037801,0.013137,0.00029495,0.014561,0.00083081,0.08128,0.064033,0.00057805,0.05861,0.032424,0.056854,0.017527,0.053352,0.055671,0.042865
0.013003,0.03354,0.055793,0.073246,0.022326,0.079843,0.019881,0.053473,0.020146,0.0076758,0.032371,0.0063196,0.06154,0.033663,0.037549,0.03896,0.031554,0.015864,0.021367,0.048449,0.024832,0.052302,0.003813,0.062422,5.3193e-05
0.043555,0.042253,0.073053,0.0032431,0.076529,0.072122,0.070051,0.015784,0.035639,0.05934,0.05663,0.065458,0.029959,0.046423,0.079404,0.061424,0.0082829,0.028089,0.0094296,0.073859,0.072312,0.061873,0.044483,0.0088834,0.019229
0.011481,0.075682,0.058318,0.011449,0.054732,0.014646,0.036876,0.0048515,0.01212,0.074632,0.010854,0.046939,0.025125,0.044651,0.045054,0.0551,0.030053,0.068888,0.045194,0.010776,0.034133,0.037529,0.077201,0.037343,0.033055
0.033039,0.052939,0.0061248,0.025438,0.031305,0.04523,0.042716,0.048041,0.011974,0.0070712,0.049376,0.048225,0.043503,0.050036,0.010035,0.065432,0.04806,0.053752,0.017998,0.0034168,0.0078178,0.061949,0.028198,0.026558,0.032956
0.039875,0.074456,0.071772,0.086969,0.069562,0.024889,0.015624,0.053107,0.020221,0.042547,0.019267,0.030515,0.058876,0.020114,0.08117,0.022415,0.043581,0.064885,0.025667,0.032496,0.030047,0.039444,0.043405,0.059153,0.066977
0.034259,0.0073652,0.074543,0.094631,0.054778,0.076204,0.012762,0.022908,0.057052,0.045221,0.065567,0.031491,0.075759,0.03185,0.066425,0.02335,0.056563,0.074459,0.080012,0.048269,0.029866,0.065247,0.072037,0.021806,0.0051762
0.061865,0.068927,0.046441,0.096774,0.049362,0.0068692,0.076388,0.044118,0.045904,0.056065,0.065309,0.088495,0.053019,0.060063,0.045566,0.05899,0.049073,0.078838,0.025422,0.07452,0.0023086,0.050347,0.020189,0.063014,0.026011
0.073885,0.0044854,0.073244,0.03376,0.03567,0.066464,0.083628,0.024409,0.072862,0.02452,0.035366,0.043837,0.0023435,0.070056,0.053724,0.015185,0.039943,0.010893,0.077802,0.023804,0.017509,0.012259,0.064672,0.013228,0.01355
B
0.20376,0.79624
0.48153,0.51847
0.29976,0.70024
0.22016,0.77984
0.24916,0.75084
0.23876,0.76124
0.62945,0.37055
0.31551,0.68449
0.60342,0.39658
0.52112,0.47888
0.97956,0.020436
0.37794,0.62206
0.77892,0.22108
0.91582,0.084177
0.81373,0.18627
0.39624,0.60376
0.49912,0.50088
0.51047,0.48953
0.27362,0.72638
0.84186,0.15814
0.40262,0.59738
0.45649,0.54351
0.23982,0.76018
0.16636,0.83364
0.30574,0.69426
P
0.081362
0.08365
0.045408
0.076935
0.040477
0.07555
0.0020253
0.010931
0.062895
0.033205
0.033427
0.051109
0.0020283
0.032921
0.0048189
0.058558
0.044191
0.0064612
0.034499
0.036533
0.055988
0.018546
0.006886
0.039714
0.061878
