A
0.047341,0.11845,0.063446,0.16584,0.040551,0.13503,0.12294,0.074801,0.049679,0.099465,0.033872,0.0070245
0.07121,0.030054,0.043504,0.10416,0.077606,0.059515,0.0044849,0.095481,0.10069,0.028158,0.044429,0.011828
0.16558,0.10923,0.072211,0.11785,0.055413,0.13683,0.14256,0.10391,0.020229,0.0043475,0.16416,0.08636
0.0031059,0.029188,0.072533,0.11115,0.16447,0.16143,0.11209,0.060513,0.10684,0.10592,0.0053096,0.016014
0.0086752,0.058609,0.11611,0.039332,0.076627,0.050331,0.074994,0.056217,0.015816,0.071177,0.090716,0.13545
0.034075,0.099508,0.11287,0.057036,0.032919,0.026651,0.088795,0.15116,0.096846,0.068316,0.031095,0.13535
0.13089,0.1241,0.091497,0.089161,0.16118,0.067337,0.036419,0.005774,0.073206,0.12879,0.18122,0.1196
0.14754,0.012903,0.053765,0.043639,0.17451,0.072354,0.070426,0.13543,0.11541,0.086813,0.13197,0.02481
0.13061,0.14782,0.11525,0.15985,0.07817,0.096274,0.14782,0.13973,0.10592,0.087924,0.092673,0.1092
0.090923,0.12338,0.075665,0.036875,0.019792,0.11527,0.083926,0.12182,0.13388,0.12234,0.087232,0.085854
0.1103,0.077427,0.049806,0.042774,0.045966,0.01941,0.079986,0.015103,0.13198,0.11466,0.01104,0.16108
0.059749,0.069325,0.13334,0.032321,0.0728,0.059576,0.035546,0.040066,0.049502,0.082095,0.12628,0.10744
B
0.60302,0.39698
0.52125,0.47875
0.39696,0.60304
0.56789,0.43211
0.22232,0.77768
0.23578,0.76422
0.918,0.081996
0.28432,0.71568
0.83259,0.16741
0.88322,0.11678
0.13969,0.86031
0.66835,0.33165
P
0.069213
0.047985
0.13451
0.13008
0.0074455
0.10429
0.038038
0.059764
0.077437
0.13325
0.059045
0.13895
