A
0.042027,0.057982,0.048223,0.052606,0.045961,0.0035026,0.023644,0.015461,0.050616,0.023407,0.017008,0.041983,0.070938,0.036931,0.030842,0.058866,0.04281,0.036721,0.021218,0.046128,0.058199,0.036993,0.045584,0.050972,0.049391
0.070157,0.0693,0.024533,0.062486,0.012708,0.016557,0.023414,0.052967,0.037425,0.013181,0.031942,0.022735,0.02586,0.045158,0.0079458,0.0099915,0.026063,0.057285,0.02537,0.055135,0.025104,0.018767,0.062717,0.05687,0.049176
0.035045,0.03007,0.049297,0.056059,0.033525,0.070396,0.062378,0.053254,0.052968,0.015449,0.051647,0.085765,0.029805,0.044132,0.053866,0.0037924,0.029621,0.053307,0.02149,0.056082,7.0238e-05,0.042667,0.037352,0.041335,0.074597
0.048058,0.022397,0.0062335,0.012409,0.022144,0.036118,0.028801,0.067858,0.053026,0.036967,0.067012,0.0099486,0.03764,0.021206,0.074286,0.049587,0.033567,0.074277,0.069048,0.020131,0.025257,0.010363,0.062562,0.059675,0.00088684
0.02438,0.055978,0.059139,0.0034631,0.070232,0.085659,0.02887,0.060592,0.036811,0.017629,0.015611,0.079244,0.059437,0.056031,0.07433,0.013654,0.05542,0.013384,0.03376,0.060429,0.059356,0.039572,0.021003,0.064035,0.042206
0.041091,0.0061645,0.043414,0.0023042,0.01741,0.078851,0.050424,0.026629,0.041193,0.054292,0.058046,0.0034078,0.071487,0.050547,0.046174,0.080348,0.03536,0.051503,0.030099,0.056029,0.041726,0.010402,0.065262,0.018868,0.06556
0.054562,0.050737,0.012666,0.016615,0.0046943,0.037329,0.041796,0.0047585,0.088809,0.033987,0.076326,0.062553,0.047672,0.006135,0.044706,0.0051736,0.079003,0.059196,0.036489,0.06434,0.058794,0.047703,0.03684,0.032752,0.050996
0.011264,0.044946,0.031807,0.051642,0.037766,0.048909,0.023103,0.041649,0.049836,0.039542,0.015506,0.0048795,0.035226,0.044794,0.0024463,0.075027,0.051038,0.047172,0.018033,0.047018,0.058492,0.04684,0.058494,0.018698,0.036039
0.0099342,0.072714,0.052665,0.040346,0.090649,0.038313,0.064148,0.015538,0.060722,0.047855,0.0653,0.052515,0.050947,0.019105,0.071419,0.05932,0.0030393,0.0087969,0.073126,0.0067062,0.054501,0.034609,0.029907,0.0072653,0.073384
0.027421,0.011053,0.05307,0.064303,0.056375,0.07568,0.075249,0.050753,0.018213,0.04317,0.047842,0.0016154,0.015658,0.056151,0.0064579,0.0086612,0.03012,0.021319,0.012203,0.016991,0.009881,0.035718,0.0078818,0.031474,0.034931
0.019378,0.002124,0.053452,0.020855,0.048568,0.033412,0.054652,0.062453,0.073374,0.020447,0.04716,0.058124,0.061987,0.0017532,0.02519,0.034896,0.046196,0.014569,0.0072251,0.028965,0.012562,0.048094,0.0059261,0.036208,0.032907
0.040304,0.075237,0.056184,0.0075489,0.021477,0.0033952,0.0076792,0.009222,0.01995,0.048841,0.05433,0.026902,0.076903,0.058012,0.053926,0.0063019,0.022057,0.032336,0.038333,0.024063,0.029587,0.069208,0.0038904,0.057627,0.028553
0.067557,0.044982,0.0073243,0.074206,0.0051033,0.0439,0.031504,0.063678,0.0027854,0.030999,0.042604,0.090285,0.011041,0.061193,0.043524,0.071504,0.058295,0.064302,0.061474,0.04232,0.035066,0.025292,0.062067,0.052542,0.066352
0.041644,0.064203,0.044463,0.045592,0.063706,0.0030659,0.036975,0.055083,0.00029443,0.056354,0.025966,0.022801,0.027098,0.078024,0.017159,0.02014,0.019752,0.033436,0.0020027,0.033186,0.028833,0.055482,0.037281,0.060111,0.045562
0.061253,0.056206,0.047528,0.051816,0.035679,0.082102,0.060404,0.03799,0.044885,0.056779,0.027493,0.042388,0.049562,0.0044773,0.038011,0.087141,0.01696,0.019583,0.053807,0.0091995,0.037996,0.029929,0.056429,0.027013,0.063757
0.052094,0.00049852,0.047966,0.064797,0.052597,0.071711,0.042354,0.019284,0.061813,0.055721,0.078319,0.029395,0.047219,0.065745,0.026468,0.00010482,0.07716,0.058783,0.027194,0.030027,0.074054,0.010122,0.056102,0.0098065,0.026883
0.02681,0.075734,0.024013,0.070415,0.043548,0.011878,0.0012197,0.063952,0.013145,0.045853,0.054707,0.018254,0.029294,0.014473,0.066247,0.0050712,0.054624,0.023323,0.039301,0.061523,0.057015,0.020465,0.064778,0.050911,0.0443
0.039346,0.022387,0.045407,0.028461,0.022402,0.033558,0.067768,0.041011,0.010101,0.061662,0.019637,0.017159,0.074335,0.014847,0.072004,0.022032,0.0080855,0.018057,0.06998,0.018518,0.042699,0.058027,0.043991,0.059658,0.046325
0.0148,0.050888,0.045922,0.034087,0.056054,0.0038227,0.056347,0.044106,0.040384,0.045757,0.016444,0.015309,0.027041,0.060303,0.055688,0.028053,0.051706,0.055505,0.019189,0.050344,0.023205,0.033869,0.038986,0.052301,0.0075532
0.062086,0.014553,0.019329,0.032134,0.027237,0.0432,0.00033567,0.04861,0.077388,0.020187,0.025412,0.065856,0.03153,0.071031,0.016145,0.066289,0.01072,0.069445,0.068689,0.029008,0.039712,0.023914,0.064042,0.037269,0.0021469
0.062042,0.035471,0.050133,0.06638,0.033573,0.044472,0.074429,0.031078,0.034391,0.052602,0.043868,0.059596,0.027033,0.021651,0.028484,0.023742,0.067181,0.016761,0.069803,0.05842,0.00055098,0.057746,0.0082402,0.019875,0.033726
0.066421,0.065524,0.0096204,0.05842,0.026982,0.032721,0.040215,0.014235,0.031898,0.019111,0.036183,0.078334,0.016894,0.034716,0.058263,0.041294,0.074282,0.037731,0.03393,0.072292,0.061209,0.058402,0.043371,0.025612,0.014748
0.039476,0.030345,0.066171,0.0032615,0.074505,0.00035158,0.0086185,0.029892,0.010645,0.070526,0.0048277,0.089917,0.058955,0.080253,0.052427,0.076397,0.047546,0.05509,0.049127,0.040407,0.046109,0.061966,0.034291,0.045556,0.024589
0.0034914,0.017058,0.055454,0.055176,0.036396,0.062548,0.029903,0.0657,0.042904,0.053677,0.005906,0.0027143,0.0033373,0.02771,0.025396,0.070913,0.032786,0.023634,0.044731,0.029336,0.058545,0.065631,0.013131,0.032197,0.049136
0.039359,0.023447,0.045988,0.024617,0.06071,0.038547,0.06577,0.024247,0.046421,0.036007,0.070903,0.01832,0.0131,0.02562,0.0085965,0.081701,0.026608,0.054484,0.074377,0.043402,0.061477,0.058215,0.03987,0.051371,0.036295
B
0.55707,0.44293
0.505,0.495
0.57836,0.42164
0.53914,0.46086
0.43883,0.56117
0.54193,0.45807
0.18302,0.81698
0.84884,0.15116
0.072568,0.92743
0.48135,0.51865
0.73139,0.26861
0.53279,0.46721
0.5446,0.4554
0.95305,0.046949
0.40819,0.59181
0.74319,0.25681
0.37637,0.62363
0.46527,0.53473
0.42621,0.57379
0.30277,0.69723
0.68899,0.31101
0.67689,0.32311
0.17708,0.82292
0.48754,0.51246
0.66484,0.33516
P
0.040247
0.033993
0.0069351
0.06373
0.041339
0.028814
0.060126
0.033448
0.0010268
0.0050704
0.0021697
0.048198
0.067698
0.044741
0.051209
0.01208
0.054363
0.056811
0.024918
0.061758
0.049953
0.059502
0.048827
0.042927
0.060115
