A
0.069723,0.0046504,0.037023,0.05822,0.024437,0.055931,0.015039,0.03314,0.0011676,0.0093958,0.080732,0.064694,0.040211,0.079975,0.06839,0.02096,0.030619,0.01801,0.06642,0.016002,0.060653,0.012929,0.048635,0.023999,0.0086601
0.049046,0.033867,0.068827,0.011786,0.035281,0.046198,0.0085506,0.026644,0.074542,0.0069943,0.031641,0.07154,0.061248,0.070995,0.049599,0.0059867,0.035155,0.064808,0.036762,0.036293,0.027975,0.0074262,0.037613,0.0069178,0.068684
0.055425,0.041309,0.02816,0.020187,0.058297,0.012302,0.012493,0.010695,0.034236,0.012595,0.021403,0.058074,0.012845,0.040476,0.018742,0.025347,0.047957,0.036688,0.048904,0.035941,0.027435,0.080912,0.017604,0.058845,0.073298
0.042508,0.025198,0.019308,0.028893,0.059048,0.080898,0.0066871,0.060459,0.039098,0.065338,0.037439,0.073538,0.014037,0.0004728,0.017826,0.038506,0.015496,0.031458,0.0552,0.027371,0.020548,0.032212,0.027178,0.049813,0.053749
0.020232,0.047532,0.0041245,0.0029,0.052128,0.066855,0.025041,0.013453,0.0066774,0.078557,0.0093533,0.037517,0.0091944,0.001213,0.041774,0.040592,0.0018515,0.041023,0.0028013,0.034384,0.01962,0.064416,0.016912,0.01264,0.036998
0.053049,0.059153,0.010928,0.018875,0.011602,0.074828,0.0037318,0.061668,0.058975,0.016029,0.029285,0.042255,0.057288,0.0077139,0.029921,0.087347,0.054812,0.018461,0.034285,0.025683,0.075193,0.009981,0.040285,0.035095,0.076934
0.049325,0.062172,0.046812,0.0063178,0.024844,0.056105,0.069304,0.030079,0.053911,0.063373,0.064224,0.049663,0.051235,0.063276,0.057492,0.082669,0.038206,0.019099,0.081377,0.044605,0.0034983,0.056137,0.0036465,0.068535,0.0063953
0.031457,0.065683,0.073227,1.4265e-05,0.057688,0.024857,0.088002,0.031201,0.040969,0.0021571,0.024952,0.074096,0.062254,0.044512,0.029902,0.053297,0.016659,0.015577,0.050537,0.077371,0.051143,0.010972,0.041641,0.010074,0.030882
0.029794,0.062131,0.062442,0.05963,0.033759,0.060028,0.020618,0.039479,0.055897,0.0092755,0.059753,0.068812,0.011126,0.057853,0.020217,0.052057,0.01637,0.043122,0.079182,0.055969,0.037936,0.023831,0.0027635,0.048129,0.0013153
0.010718,0.00045125,0.057015,0.075214,0.028532,0.022657,0.055937,0.031858,0.05163,0.015201,0.052753,0.001907,0.029423,0.018371,0.026423,0.010085,0.057775,0.062025,0.079519,0.028146,0.0085665,0.039584,0.059624,0.014157,0.047367
0.038408,0.0028946,0.034203,0.036947,0.01805,0.050467,0.040618,0.00017926,0.045919,0.075375,0.068641,0.04373,0.043819,0.0010205,0.071162,0.035604,0.06226,0.063326,0.064133,0.044654,0.034883,0.06838,0.023722,0.045709,0.045473
0.013959,0.060119,0.077558,0.024617,0.039359,0.024186,0.016166,0.049207,0.0061853,0.044774,0.042574,0.055536,0.041581,0.0096667,0.028476,0.084094,0.04526,0.047821,0.045733,0.029654,0.054341,0.083118,0.0077595,0.045289,0.00098195
0.053257,0.030677,0.06118,0.026593,0.011488,0.042514,0.018153,0.019011,0.028319,0.0025391,0.031191,0.011549,0.020606,0.050895,0.036754,0.019115,0.043804,0.073155,0.069951,0.02901,0.072638,0.077934,0.041028,0.032174,0.047199
0.050874,0.030549,0.029635,0.066865,0.058595,0.060613,0.017615,0.043822,0.03042,0.071396,0.05064,0.0037677,0.054488,0.001223,0.018145,0.015202,0.03388,0.072707,0.00091199,0.03308,0.039994,0.022216,0.043561,0.048077,0.028826
0.05008,0.022822,0.044583,0.01819,0.045123,0.061031,0.086611,0.026493,0.051634,0.077396,0.049456,0.040731,0.0266,0.075603,0.040465,0.030938,0.046396,0.050697,0.063351,0.05794,0.070734,0.033101,0.054022,0.032625,0.0020354
0.05234,0.064867,0.017929,0.054351,0.052605,0.033095,0.04569,0.040574,0.030424,0.039325,0.043796,0.0030356,0.068614,0.080371,0.016005,0.055314,0.060862,0.058336,0.0087437,0.028075,0.07483,0.091809,0.05092,0.062134,0.07831
0.046682,0.049208,0.020724,0.023187,0.031378,0.013201,0.07417,0.057797,0.04165,0.03526,0.059707,0.03807,0.014292,0.030411,0.022486,0.038863,0.02445,0.025905,0.0041082,0.048846,0.035216,0.028798,0.054728,0.051607,0.010579
0.063345,0.064814,0.059534,0.08769,0.060875,0.0018375,0.017212,0.041376,0.046442,0.050484,0.030774,0.016015,0.054329,0.07198,0.040521,0.037087,0.065354,0.057968,0.015758,0.066496,0.027509,0.014737,0.04485,0.031267,0.044059
0.034909,0.036652,0.02555,0.052896,0.053297,0.0086851,0.021216,0.022335,0.031359,0.018755,0.0099558,0.036243,0.058877,0.047443,0.038663,0.025436,0.0063158,0.0034459,0.040126,0.009358,0.006831,0.071149,0.063046,0.04525,0.069096
0.024296,0.0015051,0.034202,0.082415,0.0071983,0.076451,0.079152,0.034101,0.063465,0.05706,0.030006,0.049801,0.03214,0.067143,0.038018,0.080723,0.039291,0.026204,0.00081769,0.013593,0.063836,0.027037,0.041902,0.046782,0.05462
0.068436,0.056632,0.060602,0.093009,0.059166,0.050493,0.046038,0.068179,0.041428,0.079903,0.066304,0.0037289,0.047318,0.038783,0.069428,0.060896,0.03325,0.026514,0.072826,0.074118,0.031283,0.031428,0.050915,0.064771,0.0027984
0.0088819,0.019846,0.02859,0.088659,0.043504,0.051948,0.091812,0.065607,0.061081,0.013318,0.073412,0.065354,0.055542,0.0047794,0.05563,0.009299,0.075896,0.0096352,0.040181,0.076213,0.057269,0.00012729,0.049312,0.072494,0.035226
0.01483,0.059876,0.03615,0.044821,0.019409,0.00054854,0.016041,0.06511,0.023692,0.051378,0.028353,0.0030082,0.016414,0.037014,0.068531,0.0074453,0.035655,0.07295,0.012724,0.019648,0.041895,0.053895,0.047703,0.053141,0.035197
0.011016,0.059381,0.0027477,0.011711,0.054393,0.017625,0.088493,0.071838,0.064553,0.052275,0.0013005,0.048773,0.052412,0.025626,0.061311,0.0011946,0.078726,0.030877,0.02083,0.022191,0.036012,0.042448,0.063597,0.036905,0.061307
0.05741,0.038011,0.058948,0.0060111,0.059942,0.0066446,0.035611,0.055696,0.016328,0.051846,0.0023538,0.038561,0.064106,0.073182,0.034119,0.081943,0.033698,0.030189,0.0048194,0.065359,0.020159,0.015422,0.067031,0.0035699,0.080011
B
0.59543,0.40457
0.71338,0.28662
0.052997,0.947
0.82747,0.17253
0.88721,0.11279
0.70787,0.29213
0.4705,0.5295
0.45102,0.54898
0.14123,0.85877
0.61346,0.38654
0.53312,0.46688
0.71723,0.28277
0.40048,0.59952
0.50972,0.49028
0.13027,0.86973
0.68849,0.31151
0.73081,0.26919
0.71638,0.28362
0.60237,0.39763
0.55265,0.44735
0.91953,0.08047
0.52362,0.47638
0.044094,0.95591
0.30962,0.69038
0.50248,0.49752
P
0.058478
0.064318
0.049378
0.0051698
0.0091427
0.031244
0.057489
0.043274
0.034679
0.0024818
0.013227
0.068444
0.043393
0.037191
0.016045
0.06993
0.026609
0.033681
0.061025
0.058076
0.032394
0.045837
0.070184
0.048734
0.019574
