A
0.003338,0.020238,0.057498,0.070821,6.3309e-05,0.048892,0.047796,0.01608,0.0035744,0.025758,0.027404,0.01427,0.047746,0.0088521,0.032679,0.0071072,0.080228,0.0056133,0.015162,0.032051,0.063974,0.039655,0.02865,0.044577,0.058287
0.024322,0.045923,0.014587,0.052925,0.070699,0.028387,0.036348,0.055632,0.051388,0.038583,0.045593,0.019732,0.0066812,0.06092,0.046181,0.014485,0.0034378,0.085532,0.044967,0.018367,0.038739,0.015674,0.055695,0.021448,0.0096303
0.017516,0.0036857,0.06397,0.0072396,0.053466,0.049537,0.023022,0.061703,0.061232,0.035013,0.0033418,0.036074,0.043455,0.029394,0.024973,0.066415,0.01398,0.05662,0.0078821,0.021212,0.027385,0.00039133,0.018836,0.072156,0.017229
0.041277,0.052214,0.066334,0.018686,0.005782,0.06936,0.065496,0.032743,0.06765,0.012071,0.016655,0.0020818,0.067539,0.048132,0.064363,0.022163,0.037425,0.019629,0.084375,0.00067551,0.030322,0.059431,0.0066635,0.0084262,0.045753
0.070615,0.004543,0.025668,0.071033,0.07801,0.019729,0.04489,0.005038,0.06157,0.083762,0.062785,0.022315,0.0032485,0.024774,0.0095053,0.012094,0.027819,0.0079018,0.013517,0.072338,0.04818,0.033672,0.084959,0.067334,0.054141
0.057688,0.080637,0.067364,0.036463,0.02462,0.022284,0.0055477,0.0044257,0.033985,0.031653,0.033023,0.081416,0.026289,0.059161,0.019461,0.0043792,0.0076821,0.02064,0.014609,0.040539,0.017856,0.034256,0.017914,0.034926,0.032242
0.028911,0.079504,0.0083506,0.067072,0.063356,0.0097601,0.020954,0.0052411,0.027269,0.073582,0.00021987,0.025974,0.05662,0.029883,0.072643,0.016807,0.069218,0.077307,0.065338,0.036168,0.001959,0.040199,0.08519,0.075247,0.052337
0.02683,0.03127,0.052049,0.059226,0.036128,0.041134,0.013445,0.0067099,0.0043424,0.003634,0.033368,0.047492,0.068669,0.059558,0.050764,0.051886,0.034131,0.018616,0.061439,0.040797,0.065091,0.04701,0.052883,0.04317,0.073044
0.0071876,0.090043,0.039628,0.0013896,0.045969,0.063872,0.044086,0.0014708,0.064243,0.037261,0.059142,0.050807,0.039981,0.082509,0.058334,0.088043,0.055977,0.041072,0.032638,0.026247,0.068401,0.027335,0.021485,0.071199,0.060578
0.015796,0.088263,0.042487,0.058577,0.037393,0.023328,0.015901,0.091359,0.0083134,0.0066497,0.062573,0.074886,0.079401,0.0069384,0.062823,0.077789,0.04842,0.077878,0.0082348,0.025901,0.053523,0.043567,0.044876,0.028846,0.033905
0.066263,0.091392,0.033509,0.05212,0.043253,0.061297,0.03874,0.068945,0.00047619,0.027589,0.021607,0.032897,0.034214,0.038813,0.003752,0.0137,0.00026667,0.016598,0.00075086,0.077014,0.067937,0.00056899,0.06176,0.032716,0.049353
0.0082175,0.01458,0.015079,0.065942,0.013726,0.034008,0.057387,0.070596,0.021563,0.083166,0.016938,0.057544,0.021339,0.0077759,0.032131,0.0065906,0.055639,0.038371,0.033936,0.036915,0.033477,0.015615,0.022515,0.048886,0.021556
0.084318,0.00026978,0.0098588,0.044118,0.045977,0.042843,0.07514,0.0031258,0.073912,0.075123,0.059681,0.016985,0.037751,0.060114,0.056209,0.068265,0.027087,0.052916,0.071764,0.058201,0.0087878,0.027649,0.0099365,0.074525,0.06277
0.039474,0.022943,0.043446,0.047584,0.01212,0.076739,0.059984,0.011035,0.052861,0.015256,0.031417,0.0052208,0.012839,0.075605,0.010773,0.048952,0.022716,0.050896,0.040719,0.052208,0.031885,0.067808,0.047624,0.010873,0.02963
0.007324,0.032012,0.054885,0.0084471,0.034876,0.053679,0.0062998,0.024518,0.030235,0.047112,0.036393,0.051698,0.012683,0.0071634,0.049009,0.050294,0.039332,0.057034,0.0090693,0.061998,0.050989,0.05291,0.018966,0.0034476,0.0067862
0.052562,0.021571,0.045803,0.016241,0.042092,0.075496,0.073822,0.083823,0.067183,0.025925,0.013311,0.05715,0.021419,0.043102,0.019124,0.031824,0.053231,0.022927,0.073359,0.021239,0.046238,0.063868,0.027047,0.032789,0.026083
0.076414,0.069877,0.032258,0.0027641,0.036164,0.007468,0.076673,0.091208,0.052905,0.079375,0.010873,0.024652,0.060433,0.045811,0.065079,0.032841,0.068495,0.036305,0.060034,0.022125,0.060011,0.073291,0.084313,0.048705,0.025925
0.031912,0.020886,0.064602,0.033785,0.065305,0.069889,0.047768,0.093273,0.047674,0.0071551,0.065079,0.047476,0.048624,0.056796,0.064823,0.09229,0.047935,0.068464,0.041181,0.055894,0.052065,0.077601,0.026788,0.075193,0.002004
0.071647,0.041456,0.040457,0.02482,0.077994,0.004548,0.075337,0.032539,0.03445,0.06923,0.071247,0.026267,0.07718,0.02484,0.035103,0.045717,0.0021188,0.079855,0.048555,0.014388,0.042378,0.010722,0.081983,0.024019,0.015199
0.065074,0.023984,0.01551,0.021834,0.07612,0.0095966,0.026016,0.027426,0.075363,0.015333,0.027995,0.06724,0.061726,0.049893,0.030585,0.076,0.067785,0.040233,0.047945,0.064968,0.01887,0.059866,0.035571,0.044562,0.074298
0.054289,0.031967,0.046775,0.03773,0.058401,0.049083,0.070909,0.017569,0.064514,0.063297,0.059338,0.03036,0.045726,0.016455,0.074502,0.018806,0.023327,0.026236,0.057323,0.013222,0.023097,0.068581,0.00089531,0.06391,0.056609
0.034634,0.083472,0.021932,0.013809,0.015655,0.028801,2.8768e-05,0.069729,0.00082314,0.020397,0.068471,0.058045,0.035937,0.054443,0.00063363,0.0086211,0.070294,0.037633,0.05886,0.074285,0.057384,0.063952,0.026865,0.026768,0.07392
0.03618,0.0011741,0.051226,0.070968,0.0028443,0.024869,0.038025,0.067371,0.011103,0.01821,0.064149,0.052615,0.022913,0.057891,0.03087,0.021017,0.058817,0.026283,0.017463,0.056306,0.026497,0.055116,0.013447,0.0077886,0.023382
0.039348,0.012223,0.068273,0.071453,0.014766,0.061921,0.011603,0.017724,0.037851,0.019001,0.060357,0.080122,0.060055,0.038106,0.037791,0.05674,0.051586,0.023556,0.072986,0.010462,0.0055169,0.0034854,0.086128,0.036112,0.077321
0.038863,0.035874,0.01845,0.044951,0.045218,0.023479,0.024784,0.040716,0.045519,0.085863,0.049038,0.016679,0.0075316,0.013069,0.047892,0.067174,0.033054,0.011884,0.017895,0.066479,0.059435,0.017775,0.039009,0.0023773,0.018019
B
0.76671,0.23329
0.46493,0.53507
0.63919,0.36081
0.78201,0.21799
0.66562,0.33438
0.42736,0.57264
0.69651,0.30349
0.51272,0.48728
0.41943,0.58057
0.29535,0.70465
0.27873,0.72127
0.94164,0.05836
0.62066,0.37934
0.3638,0.6362
0.72101,0.27899
0.51666,0.48334
0.51584,0.48416
0.74577,0.25423
0.18232,0.81768
0.74689,0.25311
0.42115,0.57885
0.75654,0.24346
0.41399,0.58601
0.55341,0.44659
0.40583,0.59417
P
0.078335
0.020311
0.062323
0.064904
0.039862
0.073305
0.0080838
0.010873
0.068709
0.0014927
0.058303
0.065374
0.0093036
0.039109
0.027814
0.061951
0.022837
0.065994
0.013854
0.069136
0.074132
0.015298
0.0040308
0.043904
0.00076192
