A
0.054513,0.043042,0.077998,0.040405,0.058694,0.015757,0.068208,0.044902,0.070787,0.046369,0.05483,0.018411,0.07694,0.054103,0.0028451,0.01021,0.062741,0.0074051,0.057656,0.031988,0.028671,0.0075332,0.077673,0.0051212,0.067841
0.054932,0.068599,0.048507,0.079812,0.068851,0.051469,0.020459,0.040506,0.051862,0.0014264,0.016851,0.05411,0.0069571,0.0078995,0.028195,0.024743,0.01047,0.018761,0.010453,0.033013,0.0075561,0.032634,0.036973,0.054042,0.060358
0.055329,0.022248,0.04179,0.035236,0.050005,0.063333,0.08242,0.019185,0.051123,0.051322,0.066711,0.0016895,0.027137,0.031827,0.043244,0.016909,0.006199,0.031984,0.013289,0.044452,0.0056812,0.037543,0.03483,0.054733,0.020836
0.058156,0.0080532,0.01848,0.0035805,0.0070263,0.009352,0.022409,0.045827,0.058895,0.023754,0.082765,0.055905,0.058094,0.0057476,0.020647,0.03753,0.032889,0.026571,0.0313,0.063967,0.0037296,0.059751,0.030222,0.058147,0.052854
0.0075814,0.079164,0.0043911,0.046297,0.028825,0.064576,0.0031288,0.029086,0.046184,0.07972,0.011882,0.05897,0.046888,0.065216,0.054569,0.07463,0.052743,0.046731,0.037096,0.023377,0.059502,0.054479,0.070231,0.054021,0.046823
0.046023,0.048637,0.054815,0.0032333,0.033831,0.055859,0.00033073,0.052876,0.028148,0.020133,0.029164,0.075189,0.018485,0.018369,0.01849,0.038807,0.0017183,0.036644,0.030502,0.05128,0.03574,0.062327,0.048225,0.06755,0.0034492
0.049196,0.055278,0.030699,0.086585,0.055268,0.038526,0.050419,0.053275,0.029804,0.037428,0.053339,0.0043146,0.040949,0.079477,0.015876,0.022729,0.046166,0.010158,0.040196,0.027663,0.054097,0.028009,0.067484,0.043519,0.065401
0.049649,0.069126,0.045256,0.075626,0.038753,0.019556,0.069433,0.052283,0.084899,0.025955,0.050818,0.063356,0.028514,9.5605e-05,0.072229,0.068225,0.023332,0.033156,0.078342,0.0093554,0.053783,0.010168,0.028455,0.044638,0.015989
0.024856,0.075119,0.037471,0.012527,0.001116,0.064853,0.014766,0.043023,0.059303,0.016118,0.031527,0.013947,0.071367,0.0046252,0.051133,0.02707,0.03372,0.067935,0.060316,0.018916,0.062101,0.052788,0.04689,0.044054,0.075664
0.047001,0.030362,0.019276,0.03539,0.062006,0.041589,0.011347,0.057857,0.021287,0.015151,0.08,0.014308,0.07757,0.020094,0.0075688,0.020957,0.060042,0.020448,0.045171,0.053633,0.042173,0.061857,0.049033,0.034369,0.040943
0.047534,0.036364,0.048231,0.0040314,0.051556,0.044728,0.045362,0.042933,0.017826,0.013518,0.029102,0.058112,0.059993,0.025586,0.048402,0.064421,0.016464,0.055591,0.024548,0.031304,0.037375,0.054229,0.0079948,0.049797,0.069488
0.020007,0.034281,0.023436,0.045558,0.00030713,0.049296,0.086929,0.018942,0.027547,0.05815,0.033933,0.06845,0.017393,0.060459,0.010035,0.0806,0.058934,0.032031,0.042011,0.022103,0.061395,0.038643,0.0022723,0.014435,0.034456
0.051892,0.070815,0.028887,0.0469,0.068101,0.031516,0.038631,0.049356,0.047554,0.052622,0.029094,0.020864,0.030686,0.021654,0.062888,0.019453,0.059889,0.064509,0.00058288,0.053373,0.0078997,0.020607,0.035697,0.025843,0.012092
0.0099581,0.062323,0.023216,0.034508,0.036796,0.014435,0.035831,0.017932,0.039223,0.069167,0.018181,0.033454,0.062767,0.037662,0.069536,0.043791,0.029111,0.079826,0.064752,0.053979,0.041578,0.026556,0.01561,0.071333,0.035294
0.068494,0.0034794,0.064107,0.00037077,0.0078857,0.030313,0.011957,0.066174,0.0052334,0.079394,0.063449,0.077337,0.05648,0.069678,0.044507,0.063939,0.04215,0.044618,0.048779,0.057273,0.032874,0.047235,0.026026,0.0013942,0.0067156
0.0574,0.058862,0.031317,0.065963,0.027361,0.066626,0.048194,0.050364,0.0064022,0.0023967,0.0035917,0.026703,0.027359,0.064676,0.030691,0.02743,0.038379,0.032393,0.061935,0.060661,0.012589,0.033384,0.052008,0.042768,0.046596
0.047602,0.026262,0.052237,0.040652,0.060178,0.024589,0.052144,0.033785,0.076861,0.016176,0.014099,0.024689,0.009261,0.074515,0.024907,0.063236,0.063814,0.047925,0.065036,0.053806,0.038222,0.053265,0.038417,0.051258,0.026784
0.051032,0.039107,0.0032479,0.028742,0.016431,0.038654,0.033748,0.014384,0.03746,0.073403,0.040047,0.030436,0.056229,0.04347,0.036851,0.024524,0.041114,0.061103,0.042064,0.036234,0.061639,0.042714,0.067968,0.048849,0.041523
0.060616,0.010813,0.015353,0.028462,0.05629,0.02858,0.019004,0.027013,0.020286,0.026758,0.048968,0.0078412,0.0095439,0.026465,0.057488,0.029324,0.049143,0.026356,0.02134,0.049853,0.068772,0.042529,0.032909,0.029158,0.03507
0.054381,0.028525,0.065277,0.075827,0.056595,0.04045,0.022274,0.043677,0.076525,0.030841,0.047856,0.053157,0.0036226,0.030077,0.053496,0.024839,0.049986,7.3742e-05,0.048517,0.02969,0.049987,0.064513,0.018007,0.011866,0.0071549
0.012038,0.018842,0.033492,0.035011,0.072115,0.040494,0.053298,0.056671,0.0088768,0.038947,0.022995,0.073308,0.047366,0.034084,0.07454,0.079808,0.017943,0.026517,0.011784,0.049729,0.072164,0.00076696,0.065658,0.05073,0.06575
0.0033595,0.059758,0.07943,0.035095,0.064393,0.028111,0.025417,0.013202,0.070707,0.061502,0.060759,0.073351,0.013042,0.056273,0.013431,0.039021,0.053861,0.062317,0.044997,0.016695,0.077437,0.036501,0.045307,0.052369,0.042649
0.0022353,0.014813,0.073117,0.061296,0.0283,0.031458,0.078277,0.049088,0.0030406,0.073971,0.054812,0.045566,0.076748,0.035904,0.051686,0.034789,0.049939,0.043808,0.011828,0.051876,0.022817,0.056698,0.049999,0.0382,0.029728
0.016118,0.0039943,0.034614,0.050807,0.0050571,0.067821,0.049002,0.064547,0.055813,0.049329,0.0066526,0.044117,0.0049418,0.080219,0.059406,0.042175,0.057347,0.061728,0.054243,0.029283,0.039607,0.044102,0.011207,0.045221,0.062032
0.050096,0.032134,0.045353,0.028084,0.044262,0.038058,0.057012,0.013113,0.0043538,0.03645,0.048573,0.0024141,0.071666,0.051824,0.047339,0.020843,0.041908,0.061411,0.053262,0.046496,0.022611,0.031167,0.040902,0.0065836,0.034509
B
0.035702,0.9643
0.11862,0.88138
0.08309,0.91691
0.43035,0.56965
0.83401,0.16599
0.57764,0.42236
0.75335,0.24665
0.25656,0.74344
0.47535,0.52465
0.53092,0.46908
0.28872,0.71128
0.66908,0.33092
0.43138,0.56862
0.53343,0.46657
0.47237,0.52763
0.54963,0.45037
0.49068,0.50932
0.34388,0.65612
0.47961,0.52039
0.41381,0.58619
0.69069,0.30931
0.85186,0.14814
0.38215,0.61785
0.99078,0.0092174
0.90279,0.097213
P
0.024074
0.058405
0.048427
0.055097
0.07991
0.060165
0.065347
0.031247
0.054531
0.0651
0.037448
0.018425
0.041061
0.050608
0.013853
0.044708
0.0018049
0.016647
0.015409
0.01407
0.015167
0.052975
0.012145
0.046211
0.077167
