A
0.05034,0.0089109,0.044014,0.06063,0.058366,0.073118,0.027531,0.00633,0.0082078,0.068143,0.034652,0.073494,0.050831,0.0014483,0.064662,0.039174,0.0129,0.031356,0.01264,0.046244,0.057119,0.040478,0.047599,0.049643,0.074273
0.027611,0.011761,0.036046,0.014507,0.060163,0.073375,0.066899,0.0027564,0.017731,0.044837,0.076299,0.082765,0.0043466,0.029897,0.0094299,0.00061032,0.046428,0.047268,0.058309,0.037561,0.0035838,0.029788,0.059496,0.02634,0.036177
0.086683,0.0322,0.0030463,0.074948,0.062998,0.047947,0.071773,0.077983,0.0021802,0.073342,0.047165,0.078002,0.075682,0.063539,0.06276,0.032186,0.031077,0.042303,0.0034695,0.054425,0.063918,0.017884,0.037296,0.0014276,0.03631
0.011212,0.0033736,0.068898,0.042131,0.029273,0.021714,0.077456,0.069858,0.059962,0.068219,0.066455,0.036039,0.069164,0.079497,0.0455,0.020203,0.013006,0.011341,0.0091621,0.018717,0.031287,0.031135,0.011539,0.04403,0.0052146
0.018363,0.036543,0.024132,0.062758,0.027037,0.032313,0.024826,0.0090606,0.064713,0.037397,0.025782,0.018518,0.060753,0.041773,0.039606,0.017818,0.032825,0.062375,0.066109,0.0042081,0.013089,0.064808,0.025614,0.042915,0.023161
0.10846,0.072757,0.038972,0.026296,0.025272,0.046762,0.075715,0.019318,0.013154,0.0035386,0.0080135,0.048118,0.0064874,0.004916,0.050731,0.035691,0.037841,0.055827,0.019927,0.01789,0.071173,0.063225,0.068137,0.048603,0.07016
0.068756,0.068199,0.079114,0.020083,0.05371,0.0038452,0.0079913,0.0080566,0.027272,0.051875,0.0066277,0.026098,0.071018,0.035962,0.083912,0.034426,0.087797,0.043585,0.066972,0.073464,0.07078,0.052813,0.052865,0.054231,0.052153
0.081773,0.0697,0.054317,0.079884,0.029353,0.028715,0.033134,0.080218,0.029201,0.0055332,0.046775,0.0096874,0.042553,0.029611,0.031166,0.0044355,0.018535,0.0063881,0.048546,0.0094225,0.06703,0.028801,0.031259,0.046062,0.021766
0.009377,0.016451,0.055201,0.054883,0.0023806,0.068857,0.056875,0.0022783,0.016421,0.039788,0.030038,0.017826,0.022355,0.02682,0.023509,0.033311,0.010171,0.054588,0.047823,0.082031,0.047355,0.027318,0.073696,0.018739,0.032979
0.042192,0.04783,0.029142,0.020557,0.034915,0.042345,0.01287,0.02331,0.060512,0.047183,0.067357,0.01217,0.00096105,0.026148,0.027989,0.05629,0.0018064,0.056884,0.026722,0.034315,0.033135,0.0042465,0.042401,0.044275,0.027925
0.042342,0.0011439,0.027739,0.053107,0.021364,0.022204,0.0054746,0.057043,0.049689,0.06328,0.0038902,0.022604,0.032004,0.085672,0.07577,0.045323,0.081733,0.056742,0.061581,0.015503,0.044184,0.069529,0.01277,0.051739,0.038022
0.013789,0.059967,0.026003,0.011889,0.025712,0.024424,0.0089233,0.0434,0.047892,0.046614,0.052517,0.052909,0.076469,0.050737,0.066207,0.013339,0.02628,0.035516,0.039622,0.047846,0.043141,0.0059509,0.055694,0.019753,0.011979
0.059014,0.0006479,0.067973,0.0047522,0.00399,0.070088,0.0080917,0.068415,0.082155,0.0056595,0.028352,0.068416,0.051533,0.020935,0.019772,0.06588,0.036861,0.025565,0.021521,0.035054,0.056989,0.055165,0.062958,0.055372,0.034018
0.051925,0.058223,0.023031,0.018232,0.041288,0.050734,0.03321,0.018089,0.0027648,0.022403,0.00052612,0.071075,0.042069,0.080403,0.055526,0.065541,0.082827,0.0063023,0.060244,0.067021,0.029569,0.04622,0.068025,0.0052581,0.069525
0.027839,0.025336,0.053652,0.020317,0.029127,0.033792,0.082642,0.050801,0.058284,0.066012,0.077002,0.013796,0.059062,0.0033303,0.0027191,0.062309,0.058007,0.03406,0.055655,0.0065485,0.019052,0.034726,0.03675,0.061487,0.006747
0.023895,0.0079974,0.031237,0.056708,0.076342,0.0095155,0.047727,0.042541,0.068217,0.054818,0.015984,0.011375,0.024459,0.049127,0.08322,0.026182,0.080117,0.027566,0.068855,0.0023157,0.053049,0.039177,0.0071492,0.067494,0.028283
0.030815,0.069519,0.026651,0.019445,0.040495,0.085494,0.023679,0.090006,0.057021,0.044143,0.049842,0.015628,0.052738,0.059483,0.0097969,0.044095,0.049971,0.039487,0.069395,0.071565,0.0029094,0.054676,0.010899,0.028332,0.0039909
0.011261,0.05907,0.025427,0.05922,0.067778,0.00045474,0.056088,0.03004,0.086658,0.046928,0.0672,0.041188,0.027914,0.082242,0.012152,0.05636,0.045234,0.013432,0.042795,0.010259,0.030584,0.016375,0.045914,0.017989,0.062504
0.032308,0.0095086,0.048141,0.058518,0.062359,0.021579,0.051956,0.018773,0.084045,0.056786,0.018988,0.027892,0.0056052,0.087177,0.061374,0.028648,0.03462,0.040067,0.0010589,0.080983,0.062112,0.029676,0.050111,0.017587,0.061188
0.023543,0.073411,0.05441,0.026852,0.024826,0.057513,0.076795,0.052563,0.066068,0.018487,0.072127,0.050971,0.070227,0.015203,0.027984,0.049318,0.0056119,0.060646,0.018226,0.05204,0.027245,0.061232,0.056027,0.023009,0.064076
0.050033,0.026,0.012082,0.050172,0.020351,0.053295,0.017398,0.044766,0.0085183,0.016517,0.074809,0.086844,0.007862,0.00026288,0.057857,0.057184,0.070924,0.043662,0.021994,0.022401,0.044896,0.008461,0.03341,0.053349,0.050318
0.0021545,0.046532,0.0046821,0.057845,0.021242,0.036204,0.0042773,0.027095,0.041279,0.021039,0.021689,0.023728,0.057264,0.010866,0.0086825,0.045991,0.0018154,0.05537,0.016123,0.059207,0.025244,0.051501,0.011149,0.043061,0.073044
0.023004,0.04403,0.07791,0.058922,0.057685,0.054074,0.058977,0.037541,0.0091654,0.058109,0.067156,0.056328,0.060006,0.014489,0.047782,0.038269,0.04317,0.058042,0.051257,0.04475,0.078771,0.060883,0.024921,0.050552,0.045439
0.031808,0.075423,0.0193,0.04456,0.07485,0.0033756,0.013399,0.046585,0.03275,0.031249,0.028796,0.022668,0.027018,0.050417,0.010478,0.065945,0.090289,0.059196,0.046049,0.053469,0.0021673,0.052071,0.057248,0.061102,0.066762
0.071498,0.075467,0.068878,0.0027821,0.049123,0.038261,0.056292,0.073171,0.0061404,0.0080989,0.01196,0.031859,0.0016187,0.050042,0.021413,0.061471,0.00015166,0.032432,0.065943,0.05276,0.021618,0.053861,0.017074,0.06765,0.0039851
B
0.028279,0.97172
0.19086,0.80914
0.44306,0.55694
0.85665,0.14335
0.90216,0.097836
0.4633,0.5367
0.81329,0.18671
0.67771,0.32229
0.62795,0.37205
0.075558,0.92444
0.54469,0.45531
0.32447,0.67553
0.49336,0.50664
0.5485,0.4515
0.51532,0.48468
0.50513,0.49487
0.44809,0.55191
0.63277,0.36723
0.5479,0.4521
0.76407,0.23593
0.45243,0.54757
0.61677,0.38323
0.28657,0.71343
0.33329,0.66671
0.22155,0.77845
P
0.071443
0.026382
0.05849
0.037465
0.059852
0.045397
0.03329
0.0048875
0.040474
0.041711
0.041862
0.040951
0.03416
0.052978
0.058308
0.053872
0.039927
0.0077746
0.065517
0.031985
0.030098
0.025465
0.033155
0.041686
0.022869
