A
0.02156,0.0083825,0.013311,0.0062607,0.054844,0.0044435,0.049386,0.075414,0.015665,0.07418,0.072804,0.0048663,0.030448,0.026023,0.018601,0.050554,0.027322,0.026558,0.066299,0.070616,0.030633,0.061231,0.038497,0.013468,0.00286
0.0018274,0.036449,0.029832,0.062496,0.057922,0.0060724,0.01939,0.043676,0.019597,0.040516,0.0007213,0.077488,0.051554,0.019228,0.066451,0.055347,0.064243,0.04052,0.043273,0.028181,0.037731,0.068368,0.08383,0.00075218,0.054779
0.02966,0.054962,0.051629,0.060674,0.049948,0.011549,0.050889,0.050504,0.00095426,0.034564,0.04368,0.0035887,0.072006,0.080668,0.023392,0.0604,0.048674,0.015643,0.064884,0.037088,0.037748,0.071944,0.01697,0.098132,0.062532
0.075423,0.077192,0.0083608,0.017047,0.015484,0.032616,0.036611,0.083115,0.035086,0.0015397,0.0015541,0.048963,0.049625,0.060726,0.016365,0.051163,0.060092,0.074406,0.0527,0.049252,0.024722,0.022401,0.01868,0.054145,0.026879
0.038476,0.059377,0.071607,0.040163,0.0054966,0.06813,0.035928,0.045954,0.043561,0.004281,0.066742,0.047955,0.062404,0.058672,0.068473,0.0069359,0.062144,0.021427,0.031722,0.086007,0.012923,0.062131,0.052444,0.018041,0.036454
0.037399,0.029935,0.010386,0.024435,0.044923,0.04961,0.03194,0.04005,0.033342,0.053799,0.026478,0.050831,0.034802,0.014868,0.034148,0.029101,0.036529,0.06548,0.0071398,0.018764,0.072788,0.04496,0.02501,0.048013,0.0010217
0.0012496,0.014808,0.043467,0.041655,0.048482,0.090543,0.059022,0.03714,0.05264,0.038339,0.003908,0.052103,0.0034435,0.070569,0.045166,0.051931,0.0065336,0.027653,0.027012,0.056996,0.04078,0.036491,0.070086,0.03943,0.046345
0.033373,0.032254,0.016483,0.053242,0.035962,0.021851,0.0077439,0.018623,0.02224,0.041055,0.055848,0.030111,0.04118,0.058533,0.072634,0.017852,0.054479,0.02919,0.011485,0.06574,0.056588,0.064428,0.021027,0.059497,0.05814
0.0082261,0.049488,0.0096015,0.0036769,0.058834,0.011746,0.069025,0.058367,0.070232,0.00054053,0.054382,0.045969,0.01695,0.032221,0.013013,0.010865,0.040594,0.016601,0.024909,0.0043515,0.039018,0.058926,0.012182,0.01087,0.074616
0.045564,0.0062276,0.032306,0.073554,0.064178,0.051126,0.060571,0.079103,0.064402,0.045439,0.086688,0.044604,0.056822,0.02636,0.071678,0.065791,0.036943,0.019737,0.046392,0.0544,0.066872,0.058999,0.069308,0.035272,0.037861
0.032009,0.0030204,0.080281,0.074232,0.0054205,0.056359,0.029508,0.023261,0.058379,0.069244,0.031074,0.067564,0.010455,0.028623,0.013265,0.056229,0.068084,0.064266,0.028676,0.056069,0.045351,0.0056618,0.00016703,0.020454,0.049453
0.092788,0.0019163,0.045112,0.0096216,0.02592,0.054236,0.028796,0.0018869,0.060006,0.048739,0.06005,0.031126,0.040378,0.013876,0.072777,0.025343,0.052634,0.0013979,0.055063,0.016775,0.044689,0.046257,0.080195,0.024762,0.024644
0.055522,0.066182,0.057348,0.028012,0.012171,0.063166,0.03381,0.052739,0.034746,0.051053,0.0019104,0.018957,0.029294,0.060375,0.018636,0.0061866,0.029606,0.053735,0.0076221,0.044844,0.075748,0.0067915,0.0082112,0.027771,0.058997
0.030636,0.014101,0.077517,0.027814,0.0081632,0.025701,0.059797,0.0027228,0.046589,0.036757,0.027278,0.017225,0.036517,0.062283,0.03844,0.057438,0.065728,0.013158,0.067282,0.02328,0.015487,0.012692,0.00088421,0.049273,0.0070193
0.0048757,0.027006,0.020474,0.057778,0.04162,0.04975,0.060742,0.07594,0.0050605,0.0019004,0.029134,0.00059403,0.063802,0.038649,0.065998,0.0549,0.044214,0.027574,0.014711,0.006753,0.037062,0.021103,0.071322,0.10195,0.062197
0.0036888,0.072983,0.0083808,0.064829,0.050361,0.007658,0.036137,0.025011,0.0237,0.0051244,0.074148,0.09664,0.062679,0.066984,0.024506,0.033842,0.039588,0.062828,0.068958,0.054502,0.0037683,0.041297,0.04183,0.00054545,0.029563
0.075108,0.020105,0.035677,0.020989,0.037329,0.022305,0.053722,0.0042587,0.02718,0.056752,0.049447,0.01239,0.037963,0.045704,0.004204,0.016134,0.0049809,0.062772,0.035662,0.076349,0.029901,0.017928,0.044966,0.078174,0.043379
0.035735,0.062538,0.047306,0.069305,0.050998,0.06779,0.072437,0.018542,0.011263,0.0031254,0.035961,0.031457,0.053742,0.074898,0.047787,0.068231,0.058987,0.074354,0.035856,0.027222,0.024915,0.059831,0.0025959,0.094374,0.05947
0.026845,0.051715,0.036856,0.0027515,0.067818,0.039035,0.03244,0.0094601,0.05613,0.047299,0.023418,0.023579,0.04525,0.031555,0.044576,0.072529,0.0047376,0.049077,0.060333,0.021433,0.049669,0.0051187,0.07075,0.0075964,0.045705
0.088492,0.053656,0.035325,0.03581,0.019129,0.058034,0.058675,0.051384,0.008813,0.068072,0.053672,0.034836,0.043457,0.02942,0.014085,0.019079,0.030659,0.022283,0.0029844,0.0048129,0.029149,0.066253,0.040313,0.068786,0.023846
0.074221,0.075667,0.065297,0.045575,0.048516,0.040527,0.0017569,0.016023,0.071741,0.053616,0.00063335,0.022872,0.046105,0.0084567,0.013424,0.046456,0.059835,0.0028865,0.019227,0.0095712,0.052605,0.053598,0.064533,0.04285,0.047699
0.09498,0.047542,0.078214,0.050205,0.040181,0.019744,0.066337,0.071166,0.068943,0.060515,0.077924,0.081953,0.026598,0.0096514,0.068081,0.049031,0.024334,0.042,0.047176,0.06938,0.024385,0.014643,0.0083335,0.00064367,0.056977
0.041846,0.015328,0.03067,0.048938,0.067859,0.027551,0.0093172,0.036897,0.076738,0.072337,0.051021,0.038527,0.043798,0.020771,0.050491,0.0038899,0.01359,0.050972,0.067629,0.06681,0.0083255,0.048933,0.086614,0.063143,0.064712
0.0098647,0.071168,0.031121,0.037453,0.022438,0.074675,0.010589,0.062578,0.04261,0.031913,0.043076,0.078472,0.027684,0.025604,0.040307,0.045218,0.060881,0.063213,0.069114,0.039697,0.067392,0.03925,0.021831,0.022644,0.016858
0.04063,0.047998,0.063439,0.043482,0.066002,0.045783,0.02543,0.016184,0.050384,0.059299,0.028448,0.037332,0.013044,0.035284,0.0535,0.045552,0.0045875,0.072265,0.043891,0.011106,0.07175,0.010762,0.049419,0.01941,0.0079921
B
0.81666,0.18334
0.28801,0.71199
0.66179,0.33821
0.75858,0.24142
0.8125,0.1875
0.64025,0.35975
0.30297,0.69703
0.34396,0.65604
0.55774,0.44226
0.53797,0.46203
0.35819,0.64181
0.45468,0.54532
0.77856,0.22144
0.81872,0.18128
0.51225,0.48775
0.35328,0.64672
0.36722,0.63278
0.62909,0.37091
0.59286,0.40714
0.7613,0.2387
0.73613,0.26387
0.61076,0.38924
0.63202,0.36798
0.021342,0.97866
0.35209,0.64791
P
0.065496
0.060337
0.063745
0.06966
0.010194
0.071004
0.031131
0.017877
0.03905
0.041019
0.01973
0.052981
0.0043186
0.03456
0.06633
0.028824
0.05884
0.0035084
0.0039916
0.033715
0.065975
0.034517
0.073327
0.011517
0.038354
