A
0.048557,0.051429,0.0011338,0.0080713,0.080264,0.039288,0.06395,0.041391,0.06852,0.06613,0.030963,0.03217,0.0004652,0.0101,0.012671,0.013882,0.058541,0.055862,0.0048623,0.040243,0.02578,0.0034558,0.035146,0.017579,0.077335
0.029336,0.011286,0.084132,0.018634,0.065818,0.023172,0.057318,0.040197,0.027935,0.065026,0.030025,0.013369,0.021283,0.034928,0.066665,0.053098,0.047919,0.049725,0.00085879,0.070289,0.054309,0.072047,0.021875,0.038205,0.03098
0.046334,0.053328,0.066761,0.021667,0.06963,0.034387,0.0036719,0.03481,0.027392,0.017933,0.019558,0.028529,0.053829,0.043108,0.073037,0.028231,0.063424,0.042355,0.03443,0.041243,0.029354,0.026821,0.0029783,0.049886,0.022497
0.01648,0.052966,0.0053022,0.0099275,0.036747,0.0037599,0.006391,0.034781,0.05908,0.037744,0.068507,0.055179,0.062405,0.074912,0.0057725,0.041207,0.074631,0.057425,0.018094,0.041845,0.068245,0.061391,0.031205,0.059355,0.067598
0.04697,0.044893,0.076257,0.049727,0.010391,0.030319,0.032294,0.0015824,0.0036678,0.036021,0.055453,0.039744,0.036018,0.033162,0.050635,0.017485,0.034613,0.035164,0.030296,0.018589,0.05051,0.058954,0.0041259,0.02262,0.043149
0.020183,0.011932,0.082886,0.052554,0.042561,0.044793,0.064334,0.07932,0.039584,0.040156,0.041262,0.014989,0.0029722,0.062064,0.04278,0.015765,0.0063965,0.0018878,0.03409,0.045472,0.013219,0.073779,0.070069,0.042303,0.049864
0.011967,0.043051,0.0092151,0.032146,0.074552,0.054001,0.044519,0.037117,0.073282,0.057808,0.036214,0.024642,0.0034139,0.073314,0.082509,0.010097,0.054304,0.0027867,0.033798,0.0090126,0.011449,0.0024161,0.066784,0.052416,0.074244
0.0080803,0.069464,0.074382,0.069528,0.010654,0.030245,0.067624,0.039883,0.0074227,0.035122,0.048708,0.056748,0.0055613,0.039628,0.082137,0.031224,0.011717,0.0047597,0.060156,0.043532,0.071656,0.014519,0.043332,0.048196,0.033649
0.0087349,0.069648,0.040687,0.016355,0.011768,0.047668,0.046468,0.010472,0.03351,0.046567,0.039583,0.022607,0.059408,0.0067879,0.027723,0.043878,0.051308,0.019796,0.023644,0.075122,0.023977,0.072394,0.068536,0.041975,0.030867
0.05305,0.064669,0.013101,0.062124,0.0034404,2.4388e-06,0.026993,0.054837,0.042424,0.057979,0.01807,0.04273,0.06074,0.075108,0.049812,0.038487,0.040295,0.017406,0.069292,0.033687,0.054334,0.061557,0.039965,0.039602,0.025719
0.041343,0.051536,0.017628,0.07199,0.063643,0.016376,0.030949,0.075438,0.0097044,0.014732,0.064447,0.00031626,0.05864,0.050448,0.096244,0.064597,0.066535,0.081604,0.041633,0.076678,0.076762,0.041217,0.069233,0.042231,0.080135
0.079297,0.041596,0.012891,0.010015,0.037088,0.055497,0.017422,0.034752,0.011551,0.013279,0.058935,0.0042232,0.072121,0.01741,0.00016917,0.072822,0.044463,0.031745,0.033318,0.0026012,0.067363,0.013943,0.045115,0.0091085,0.045657
0.0065897,0.068301,0.047427,0.04881,0.043286,0.048114,0.031676,0.040302,0.07375,0.057488,0.040083,0.060587,0.064666,0.060697,0.038864,0.008183,0.060737,0.054131,0.042244,0.022869,0.012831,0.014292,0.021441,0.0035365,0.0081322
0.068818,0.0020643,0.036209,0.048686,0.0066379,0.039204,0.021363,0.041373,0.063181,0.069603,0.0056897,0.056647,0.0069552,0.033118,0.030719,0.048869,0.030329,0.080773,0.059757,0.014784,0.059693,0.050274,0.061584,0.073222,0.038675
0.05145,0.0023215,0.0038265,0.059883,0.062743,0.073996,0.060747,0.0098081,0.010625,0.04669,0.023313,0.059372,0.061446,0.017404,0.0091568,0.050625,0.0070088,0.029279,0.077829,0.00037421,0.063708,0.0097749,0.037509,0.0051856,0.072043
0.034181,0.032153,0.021797,0.036739,0.013072,0.064232,0.058474,0.025854,0.052777,0.027413,0.050634,0.048301,0.0039545,0.077339,0.015514,0.038021,0.065528,0.01929,0.072948,0.066651,0.0013578,0.055712,0.049432,0.072366,0.048947
0.02702,0.017857,0.059638,0.058029,0.052342,0.0030832,0.012104,0.044173,0.059617,0.038579,0.067874,0.05545,0.018978,0.052445,0.0091992,0.05127,0.031865,0.032024,0.022268,0.010134,0.0085603,0.057413,0.064643,0.035994,0.074268
0.070408,0.01787,0.047055,0.050731,0.07143,0.063331,0.017441,0.00098339,0.017084,0.029015,0.012359,0.02141,0.011605,0.065312,0.096924,0.012211,0.050362,0.037799,0.04354,0.075887,0.027074,0.03905,0.0013834,0.015393,0.0050231
0.025575,0.011223,0.052387,0.035613,0.078,0.029876,0.061077,0.035394,0.064916,0.0066284,0.019082,0.022915,0.033143,0.018565,0.042571,0.051148,0.032716,0.076679,9.4503e-05,0.038456,0.053877,0.024792,0.0074175,0.04815,0.051657
0.0089244,0.03013,0.05768,0.0070998,0.020246,0.073452,0.011149,0.05262,0.032537,0.01465,0.067474,0.016358,0.042374,0.012304,0.0019472,0.072351,0.013179,0.045863,0.034281,0.06989,0.012859,0.055832,0.050073,0.014572,0.029086
0.029403,0.065041,0.0073651,0.034117,0.037382,0.02191,0.074228,0.077696,0.033813,0.028576,0.053151,0.067472,0.06295,0.049709,0.051708,0.054769,0.0046527,0.049847,0.031647,0.037046,0.052571,0.018356,0.043854,0.071398,0.007622
0.060343,0.048088,0.074074,0.043973,0.0014197,0.055776,0.062613,0.053417,0.036596,0.03888,0.010073,0.043091,0.05699,0.045007,0.013853,0.056117,0.021405,0.015635,0.051484,0.028397,0.045056,0.035835,0.026647,0.061425,0.023797
0.077416,0.063553,0.049736,0.070414,0.049575,0.022492,0.0020157,0.011811,0.03518,0.072274,0.052826,0.082375,0.069359,0.00044025,0.0095668,0.061163,0.049287,0.082958,0.066052,0.047136,0.037453,0.03514,0.045892,0.060669,0.026266
0.067837,0.0070786,0.023805,0.071975,0.029335,0.051254,0.072403,0.058366,0.04906,0.074188,0.023517,0.077122,0.063886,0.027294,0.065559,0.0021951,0.015676,0.032371,0.069419,0.029451,0.04515,0.068147,0.046578,0.065165,0.024477
0.061702,0.06852,0.034625,0.011192,0.027977,0.073772,0.052776,0.063623,0.066791,0.0075164,0.062198,0.053655,0.066837,0.019397,0.024263,0.062307,0.063106,0.042834,0.043966,0.060613,0.032847,0.032887,0.04518,0.0094473,0.008311
B
0.050252,0.94975
0.31649,0.68351
0.19297,0.80703
0.39924,0.60076
0.5409,0.4591
0.3813,0.6187
0.03155,0.96845
0.39046,0.60954
0.50257,0.49743
0.8148,0.1852
0.99878,0.0012249
0.95578,0.044219
0.41172,0.58828
0.23412,0.76588
0.41201,0.58799
0.12228,0.87772
0.27478,0.72522
0.58574,0.41426
0.67372,0.32628
0.48152,0.51848
0.41719,0.58281
0.45401,0.54599
0.7079,0.2921
0.12458,0.87542
0.49858,0.50142
P
0.011267
0.0095753
0.019479
0.0042202
0.064049
0.034643
0.049592
0.065867
0.069826
0.028648
0.019767
0.060964
0.036064
0.055773
0.071615
0.028141
0.06215
0.068611
0.023311
0.038598
0.02199
0.0028635
0.025108
0.063437
0.064444
